SerialEMCalibrations
ImageShiftMatrix	136
1 4 -7.067309 -20.948837 22.190670 -6.402925   245
2 0 -2.113054 -6.394680 6.717522 -1.904806   350
2 2 19.225527 18.196581 -22.735270 17.031250   350
2 4 -9.668366 -29.719727 31.357361 -9.049178   350
3 0 -3.000903 -9.054220 9.500875 -2.703315   490
3 2 27.151543 25.773722 -32.465622 24.299721   490
3 4 -13.238938 -42.130615 44.223412 -12.791841   490
5 1 -2.248781 5.834590 -5.957884 -2.258816   75
5 3 -1.880540 4.506618 -4.869428 -2.117790   75
5 4 19.589933 -6.307845 8.913304 16.431580   980
6 1 -6.206830 5.202921 -5.351067 -6.226202   97
6 3 -5.144034 3.770774 -4.312253 -5.207417   97
7 1 -7.894079 6.527282 -6.733972 -7.890148   120
7 3 -6.594350 4.748465 -5.474884 -6.622053   120
8 1 -10.814014 9.002824 -9.239990 -10.823684   170
8 3 -8.896549 6.467093 -7.417084 -9.004367   170
9 1 -14.477176 12.049909 -12.368979 -14.496735   220
9 3 -14.553256 11.805452 -12.821765 -14.762022   220
10 1 -21.977076 18.314987 -18.830391 -21.984934   330
10 3 -22.280882 18.349491 -19.794632 -22.749935   330
11 0 -47.789097 -144.744431 151.878891 -43.466427   7900
11 1 -28.086201 23.484663 -24.148218 -28.127148   420
11 3 -28.288504 23.506884 -25.493608 -28.999481   420
12 0 -67.509918 -204.720596 214.649567 -61.397675   11000
12 1 -36.671619 30.548754 -31.449339 -36.682186   550
12 2 615.597107 583.714844 -739.634766 547.241882   11000
12 3 -37.372902 31.083529 -34.261314 -38.602924   550
13 0 -95.238586 -289.117035 302.721252 -86.560410   16000
13 1 -52.990105 44.428265 -45.699776 -53.087208   800
13 3 -54.125629 44.970245 -48.965996 -55.657822   800
13 4 -445.901672 -1311.107910 1408.223511 -401.968414   16000
14 0 -132.166061 -404.581146 425.931549 -121.170868   22500
14 1 -71.159203 59.692837 -61.377449 -71.295227   1100
14 3 -72.985779 60.610588 -66.187149 -75.027901   1100
15 0 -186.783722 -568.330322 602.120361 -171.553558   32000
15 1 -99.393478 83.464058 -85.863243 -99.564293   1500
15 3 -101.737640 84.778641 -93.046677 -104.548553   1500
16 1 -136.720901 115.532890 -118.973549 -136.928604   2100
16 3 -139.641144 116.901314 -128.821899 -142.982925   2100
17 1 -47.318165 -133.242950 135.525375 -49.145355   1700
17 3 -49.184765 -137.997299 140.223709 -51.406631   1700
18 1 -71.142113 -197.997147 201.595840 -73.749977   2500
18 3 -74.953300 -205.055237 207.807327 -77.465340   2500
19 1 -102.070366 -269.019623 273.905914 -105.563507   3500
20 1 -149.020660 -402.378204 403.836700 -156.358200   5000
20 3 -160.271683 -416.028931 414.418701 -164.152191   5000
21 1 -190.265076 -515.608643 517.990723 -199.743210   6500
21 3 -202.488907 -534.069458 532.760498 -209.283249   6500
22 1 -228.734573 -621.496582 624.534912 -240.070023   7800
22 3 -246.369247 -643.954224 641.435547 -251.731735   7800
23 1 -284.748932 -775.709778 779.630432 -298.677795   9600
23 3 -307.268127 -803.438965 800.783142 -313.226654   9600
24 1 -335.415039 -914.985352 920.128967 -351.874969   11500
24 3 -361.903259 -948.326172 945.176331 -368.890625   11500
25 1 -431.159637 -1178.588013 1184.457275 -451.944153   14500
25 3 -465.661743 -1221.256104 1217.018677 -474.454590   14500
26 0 118.401360 -52.824284 50.861614 119.773994   7000
26 1 -576.517639 -1577.550171 1586.868286 -603.627136   19000
26 2 491.048431 -228.442780 207.809067 507.194702   7000
26 3 -614.330872 -1634.656860 1631.344971 -633.927063   19000
26 4 533.551270 -245.731674 240.447464 563.766541   7000
27 0 165.963699 -74.446182 69.794930 167.302353   9900
27 1 -730.016296 -2001.905762 2011.804932 -764.530334   25000
27 2 843.522156 -307.105316 222.275162 758.408447   9900
27 3 -786.881226 -2073.942383 2065.374268 -802.768005   25000
27 4 757.340393 -348.207306 340.814362 798.180481   9900
28 0 234.368500 -105.414490 98.722382 236.447632   14000
28 1 -873.869324 -2397.354980 2410.205811 -914.194214   29000
28 2 1038.445557 -491.425507 409.124725 1037.161743   14000
28 3 -941.531311 -2484.957520 2472.130127 -958.872803   29000
28 4 1069.585205 -492.302124 479.221252 1124.365723   14000
29 0 333.879639 -150.316513 141.085983 337.789764   20000
29 1 -1550.065063 -4089.877441 4117.611816 -1616.138184   50000
29 2 1464.952637 -694.712891 577.482239 1465.591919   20000
29 3 -1664.789185 -4234.184570 4217.626465 -1690.589478   50000
29 4 1511.247070 -681.992188 677.620850 1590.482544   20000
30 0 468.144287 -209.820511 197.852570 473.134857   28000
30 1 -1919.904419 -5062.321777 5087.128418 -2006.217041   62000
30 2 2056.918457 -966.371704 814.547119 2033.795532   28000
30 3 -2061.048340 -5237.414551 5214.617676 -2098.941162   62000
30 4 2131.559570 -985.590027 963.833313 2230.196289   28000
31 0 669.424011 -300.511261 282.333252 675.183167   40000
31 1 -2486.466553 -6524.720703 6568.784668 -2592.488770   80000
31 2 2767.908691 -1301.471924 1169.218018 2942.425781   40000
31 4 2978.588135 -1401.896484 1349.557739 3101.525391   40000
32 0 929.366333 -420.343262 395.939209 944.882874   56000
32 1 -3091.226318 -8114.210938 8159.620117 -3229.793457   100000
32 2 3866.323730 -1797.352661 1654.691284 4111.033203   56000
32 4 4227.207520 -2028.823242 1939.623779 4462.619629   56000
33 0 1308.053955 -589.018677 558.290833 1332.783569   79000
33 1 -4638.057129 -12160.724609 12234.251953 -4844.665039   150000
33 2 5481.645508 -2500.612061 2331.774170 5703.719238   79000
34 0 1818.402466 -821.306946 771.059204 1854.919556   110000
34 1 -6211.485840 -16240.004883 16327.401367 -6479.895996   200000
34 2 652.307190 -283.502319 259.289276 697.608521   110000
34 4 8659.449219 -3755.528809 3797.654541 8840.672852   110000
35 0 2615.645264 -1212.096558 1135.903931 2646.854004   160000
35 1 -7531.310059 -19661.876953 19807.402344 -7844.269531   240000
35 2 10892.016602 -5001.496094 4693.333008 11379.008789   160000
35 4 12625.833008 -5554.449707 5508.623535 12834.406250   160000
36 1 -8872.945313 -23196.748047 23289.757813 -9277.777344   280000
36 4 17715.173828 -7748.064941 7788.083496 18081.238281   225000
57 0 1.829280 -4.379018 4.624718 1.668299   245
63 0 14.621435 -35.296005 37.026726 13.703888   1950
67 0 59.743309 -142.214233 147.881561 54.731197   7900
68 0 84.144028 -200.507248 208.709869 76.724739   11000
77 4 52.819729 -22.892307 22.334156 53.520428   250000
78 4 74.981522 -30.970488 30.229126 76.168831   360000
79 4 105.728027 -43.551693 42.883713 107.019539   500000
80 4 149.462555 -65.185966 63.676636 151.096436   710000
81 4 210.349091 -90.681999 88.881180 212.154068   1000000
82 0 45.228577 -21.105927 20.202402 45.087494   2400
82 4 298.696503 -128.152649 124.906853 300.333588   2400
82 5 209.157684 -99.113640 96.760414 212.020828   2400
83 4 421.479340 -181.203079 179.058456 423.840729   3400
83 5 296.859131 -140.863190 137.078949 299.802826   3400
84 0 90.444099 -42.303490 40.380539 90.122978   4800
84 4 597.775635 -256.176544 254.080719 600.137329   4800
84 5 418.013763 -199.101059 193.920929 423.903748   4800
85 0 128.143539 -59.881489 57.223083 127.728378   6800
85 4 841.963196 -361.700470 355.479218 849.325623   6800
85 5 591.309448 -280.867676 273.902985 599.395630   6800
86 0 180.861160 -84.566933 80.745880 180.232727   9600
86 4 1189.287964 -512.175354 501.561066 1199.100952   9600
86 5 835.827515 -396.937561 387.609253 847.090149   9600
87 0 254.306992 -118.926163 113.515198 253.586807   13500
87 5 1181.326904 -565.192383 548.197205 1197.526367   13500
88 0 356.619843 -167.802902 160.950089 355.895264   19000
88 5 1666.142944 -798.929260 779.179321 1687.205322   19000
89 0 506.786774 -238.418854 228.572510 505.938416   27000
89 5 2359.823975 -1127.947510 1089.094238 2384.705078   27000
90 0 710.481750 -335.078796 318.345673 711.673218   38000
90 5 3319.262939 -1557.762207 1601.686279 3389.776855   38000
91 0 1009.729248 -468.763580 453.496246 1005.870667   54000
92 0 1440.904053 -668.499695 648.059387 1433.891113   77000
93 0 2056.733887 -954.550598 924.071106 2051.326904   110000
StageToCameraMatrix 1 0 -4.448289 0.001734 0.075717 -4.564496   -0.001532   245
StageToCameraMatrix 1 4 -20.718166 0.047627 0.416551 -21.506105   0.000000   245
StageToCameraMatrix 2 2 -25.186705 4.496625 -0.282287 -28.400681   -0.002706   350
StageToCameraMatrix 2 4 -5.206140 0.006618 0.051254 -5.333414   0.000000   350
StageToCameraMatrix 3 2 -35.643562 6.374804 -0.407447 -40.165531   -0.002706   490
StageToCameraMatrix 5 2 -71.205566 12.646288 -1.248342 -80.140335   -0.002706   980
StageToCameraMatrix 5 3 -3.536708 -5.473288 5.452751 -3.550311   0.000000   75
StageToCameraMatrix 6 3 -0.678108 -8.354020 8.389326 -0.613881   0.000000   97
StageToCameraMatrix 6 4 -94.355896 -0.259640 -3.619198 -120.973770   0.000000   1400
StageToCameraMatrix 7 1 -0.840379 -10.180176 10.194175 -0.675482   -0.000041   120
StageToCameraMatrix 7 3 -0.809310 -10.603210 10.604237 -0.740169   0.000000   120
StageToCameraMatrix 7 4 -165.373383 0.385568 3.238045 -171.243225   0.000000   1950
StageToCameraMatrix 8 3 -1.150139 -14.545403 14.611911 -1.038984   0.000000   170
StageToCameraMatrix 9 3 -1.543953 -19.493204 19.581825 -1.402663   0.000000   220
StageToCameraMatrix 10 1 -2.408380 -28.364292 28.401466 -1.957553   -0.000041   330
StageToCameraMatrix 10 3 -2.392543 -29.599148 29.736053 -2.159355   0.000000   330
StageToCameraMatrix 11 3 -3.139877 -37.892067 38.040630 -2.838070   0.000000   420
StageToCameraMatrix 12 2 -805.692322 61.305977 56.461311 -912.859985   -0.001171   11000
StageToCameraMatrix 12 3 -3.765255 -49.002464 49.126118 -3.475697   0.000000   550
StageToCameraMatrix 13 1 -6.047434 -68.328583 68.546265 -4.931272   -0.000041   800
StageToCameraMatrix 13 3 -5.702196 -70.985428 71.016151 -4.893371   0.000000   800
StageToCameraMatrix 14 3 -7.893059 -95.151344 94.751015 -6.221778   0.000000   1100
StageToCameraMatrix 15 3 -10.703013 -132.849747 133.356293 -9.960744   0.000000   1500
StageToCameraMatrix 16 1 -16.197676 -176.015228 177.147949 -13.455795   -0.000041   2100
StageToCameraMatrix 16 3 -15.962930 -183.192368 183.353760 -14.342866   0.000000   2100
StageToCameraMatrix 17 1 -12.968175 145.453659 -146.882095 -12.177349   -0.000000   1700
StageToCameraMatrix 17 3 -11.335654 150.175262 -151.039764 -11.148560   -0.001167   1700
StageToCameraMatrix 18 3 -22.222815 223.507050 -223.862946 -19.632780   -0.016735   2500
StageToCameraMatrix 19 1 -19.875715 296.149750 -298.769775 -17.917757   -0.000000   3500
StageToCameraMatrix 20 1 -28.922781 428.049072 -431.639221 -26.384951   -0.000000   5000
StageToCameraMatrix 20 3 -22.365919 442.082153 -413.383698 -24.042175   -0.001167   5000
StageToCameraMatrix 26 0 -129.100555 0.454251 4.378863 -126.863937   0.008957   7000
StageToCameraMatrix 26 2 -551.251892 10.399754 4.733595 -547.257263   0.000000   7000
StageToCameraMatrix 26 4 -585.104797 -2.299159 12.845120 -601.201843   0.000000   7000
StageToCameraMatrix 27 2 -774.344727 -64.566513 86.968155 -776.451416   0.002981   9900
StageToCameraMatrix 27 4 -823.347412 -10.852372 18.695251 -858.953125   0.001956   9900
StageToCameraMatrix 53 4 -5.187996 0.011196 0.121883 -5.335502   -0.001048   81000000
StageToCameraMatrix 57 0 -3.427677 -2.873059 2.825346 -3.588398   -0.001117   245
StageToCameraMatrix 77 4 -57.775032 -1.393489 1.228724 -58.370541   0.000158   250000
StageToCameraMatrix 79 4 -49.175110 -20.109478 5.081985 -41.066582   0.000219   500000
StageToCameraMatrix 80 4 -123.338745 -3.339885 -1.406546 -164.768341   0.000432   710000
StageToCameraMatrix 82 0 -50.283405 -0.557628 0.998212 -49.973099   0.000146   2400
StageToCameraMatrix 82 5 -232.940323 -0.431687 2.417530 -232.808487   0.000000   2400
StageToCameraMatrix 84 5 -466.463470 2.512413 11.707409 -468.448975   0.000084   4800
IntensityToC2Factor 0.977300 0.977325
C2SpotOffset 1 0.037463 0.043410
C2SpotOffset 2 0.021673 0.024440
C2SpotOffset 3 -0.000007 0.000010
C2SpotOffset 4 -0.014837 -0.016310
C2SpotOffset 5 -0.029257 -0.036540
C2SpotOffset 6 -0.041477 -0.050830
C2SpotOffset 7 -0.052817 -0.064980
C2SpotOffset 8 -0.059757 -0.075050
C2SpotOffset 9 -0.067917 -0.083360
C2SpotOffset 10 -0.070897 -0.086480
C2SpotOffset 11 -0.074207 -0.091660
CrossoverIntensity 1 0.482431 0.371504
CrossoverIntensity 2 0.483550 0.373422
CrossoverIntensity 3 0.483550 0.373262
CrossoverIntensity 4 0.484349 0.372783
CrossoverIntensity 5 0.484189 0.374062
CrossoverIntensity 6 0.484189 0.373902
CrossoverIntensity 7 0.484509 0.374222
CrossoverIntensity 8 0.484349 0.375980
CrossoverIntensity 9 0.484669 0.374222
CrossoverIntensity 10 0.484509 0.373422
CrossoverIntensity 11 0.484669 0.375021
FocusCalibration 23 0 2.616682 2.524369 5.00 13 0 1 -999   500000
-38.694191 -102.310402 -92.537872
-32.694191 -87.087944 -78.915779
-26.694193 -71.475746 -65.018692
-20.694193 -55.354332 -50.906837
-14.694193 -39.269329 -36.442749
-8.694193 -23.324179 -21.713600
-2.694193 -7.378809 -6.660859
3.305807 8.487378 8.740620
9.305807 24.174757 24.340769
15.305807 39.619434 40.215084
21.305807 54.796917 56.225426
27.305807 69.812393 72.501831
33.305809 84.725151 88.917458
FocusCalibration 24 0 3.047538 2.871946 5.00 13 0 1 -999   710000
-40.068264 -126.089272 -110.081093
-34.068264 -107.041618 -94.838989
-28.068264 -87.865547 -79.129738
-22.068264 -68.761253 -62.792149
-16.068264 -49.816330 -46.060448
-10.068264 -31.073486 -29.075630
-4.068264 -12.492987 -11.828672
1.931736 5.853113 5.696989
7.931736 23.795538 23.394503
13.931736 41.391560 41.226479
19.931736 58.665112 59.207245
25.931736 75.714767 77.374809
31.931736 92.654366 95.674637
FocusCalibration 25 0 -4.459176 4.469520 1.50 13 0 1 -999   1000000
-37.175808 166.066803 -166.400879
-31.175808 136.918655 -142.344070
-25.175808 109.146484 -116.946617
-19.175808 83.706802 -88.990601
-13.175808 57.909519 -60.970364
-7.175808 31.827206 -32.960724
-1.175808 5.184171 -5.358723
4.824192 -21.361633 21.899370
10.824192 -48.408794 48.768726
16.824192 -75.456970 74.855644
22.824192 -102.929260 100.434845
28.824192 -130.546051 125.335121
34.824192 -158.190399 150.194641
FocusCalibration 23 3 -1.370490 1.473536 1.60 13 0 1 -999   9600
-33.311913 43.211967 -50.640388
-27.311914 35.748306 -41.527233
-21.311914 28.152285 -32.349915
-15.311914 20.400745 -23.174330
-9.311914 12.453323 -14.035930
-3.311914 4.399040 -4.999860
2.688086 -3.751744 3.891897
8.688086 -11.984901 12.636758
14.688086 -20.357912 21.290768
20.688086 -28.905901 29.911127
26.688086 -37.640347 38.460812
32.688087 -46.512489 46.913956
38.688087 -55.477295 55.335503
FocusCalibration 29 0 2.276726 -13.518950 5.00 13 0 0 -999   20000
-31.120758 -42.593952 338.911102
-26.120758 -38.631050 291.060516
-21.120758 -33.863655 242.326920
-16.120758 -27.718349 191.226852
-11.120757 -20.391870 136.626205
-6.120757 -11.898005 78.030029
-1.120757 -1.997707 15.386748
3.879243 9.554571 -52.810478
8.879243 22.962486 -126.558205
13.879243 38.244396 -206.328079
18.879242 55.796276 -292.345215
23.879242 75.807442 -386.495239
28.879242 97.251396 -484.980225
FocusCalibration 27 1 -3.284172 3.636441 1.60 13 0 1 -999   25000
-37.927773 126.464073 -150.710114
-31.927774 106.298393 -125.413315
-25.927774 86.013443 -100.261063
-19.927774 65.819313 -75.803795
-13.927773 45.717133 -52.071224
-7.927773 25.830416 -29.201317
-1.927774 6.059946 -7.082793
4.072227 -13.544125 14.279746
10.072227 -33.041870 34.932823
16.072226 -52.388477 54.904720
22.072226 -71.642128 74.230164
28.072226 -90.793236 92.891655
34.072227 -109.964859 111.275589
FocusCalibration 27 1 0.762879 -4.760587 1.60 13 0 0 -999   25000
-37.510681 -14.836271 132.653275
-31.510681 -13.559790 115.501358
-25.510681 -12.045482 97.468788
-19.510681 -10.060681 77.800827
-13.510682 -7.590014 56.354523
-7.510682 -4.538558 32.911358
-1.510682 -0.798352 7.184276
4.489318 3.713907 -21.135902
10.489318 9.131989 -52.593224
16.489319 15.581692 -87.628441
22.489319 23.352388 -126.972252
28.489319 32.624954 -171.502502
34.489319 42.738495 -218.865707
STEMnormalizedSlope 0.002934 0.029050
STEMfocusVersusZ 11 10 0
50.705460 -12.452667 -0.009692
52.704601 -9.937629 -0.007177
54.682770 -7.557615 -0.004797
56.688900 -5.266510 -0.002506
58.688042 -3.093292 -0.000333
60.708149 -1.003341 0.001757
62.707291 0.978874 0.003740
64.636528 2.778377 0.005539
66.705566 4.603725 0.007364
68.683739 6.284415 0.009045
70.696861 7.958859 0.010720
STEMfocusVersusZ 13 6 0
79.133789 -1.565559 -0.001639
79.930649 -1.218418 -0.001291
80.811394 -0.818935 -0.000892
81.664169 -0.457897 -0.000531
82.426079 -0.046703 -0.000120
83.264877 0.369148 0.000296
84.124649 0.769505 0.000696
85.012383 1.193394 0.001120
85.830208 1.586143 0.001513
86.627068 1.952991 0.001880
87.507813 2.376823 0.002304
88.276711 2.720535 0.002647
89.185410 3.070194 0.002997
STEMfocusVersusZ 13 2 0
31.000650 -12.145271 -0.013187
33.013771 -9.964825 -0.011007
35.005920 -7.938648 -0.008980
36.998070 -5.929852 -0.006972
39.018181 -3.941071 -0.004983
40.996349 -2.134895 -0.003177
43.009472 -0.346668 -0.001389
45.001621 1.369186 0.000327
47.014740 3.015915 0.001974
49.013882 4.576283 0.003534
50.992050 6.073246 0.005031
52.963230 7.509163 0.006467
54.997318 8.962839 0.007921
STEMfocusVersusZ 13 11 1
29.267130 -2.348686 -0.000316
31.245300 -2.281386 -0.000248
33.251431 -2.212877 -0.000180
35.250568 -2.145164 -0.000112
37.256699 -2.074223 -0.000041
39.248852 -2.006649 0.000026
41.254978 -1.938180 0.000095
43.247131 -1.866075 0.000167
45.225300 -1.797228 0.000236
47.259392 -1.722894 0.000310
49.265518 -1.648410 0.000385
51.243690 -1.581344 0.000452
53.277779 -1.515453 0.000517
STEMfocusVersusZ 13 5 0
65.433388 -5.410385 -0.005410
66.139381 -4.656242 -0.004656
66.817413 -3.922180 -0.003922
67.460487 -3.225647 -0.003226
68.138519 -2.507446 -0.002507
68.809563 -1.805931 -0.001806
69.438660 -1.160660 -0.001161
70.109703 -0.499062 -0.000499
70.801712 0.185814 0.000186
71.430809 0.812851 0.000813
72.108841 1.477020 0.001477
72.765900 2.105820 0.002106
73.443932 2.741676 0.002742
AstigmatismCalib 29 0 -999 -1.000000 3.200000 -1.953822 0.475069 -0.447733 -1.980704 6.639911 5.058656 4.812458 -7.023535 -5.139285 6.909400 6.771057 5.268981   50000
AstigmatismCalib 31 0 -999 -1.000000 3.200000 -2.082539 0.505569 -0.484022 -2.118181 6.900955 4.686926 5.124124 -6.644809 -5.030214 6.494010 6.755683 5.277437   80000
ComaCalib 31 0 -999 -1.000000 10.000000 -0.264560 0.025935 -0.051163 -0.081652 -0.105009 0.074755 -0.029187 -0.279987   80000
CtfAstigCalib 33 0.040000 -1.501375 -1.363132 11.393970 -1.717029 -1.151977 -66.076180 -1.624800 -1.246999 84.278091 -1.657661 -1.204211 -37.817692   150000
BeamIntensityTable 55 36 2 2 0.000000 0 0   280000
26.906097 0.788327
31.623314 0.754708
37.282600 0.724352
43.671898 0.698017
51.044453 0.675485
60.087486 0.655299
70.855644 0.637049
83.591736 0.620502
98.300293 0.605793
116.368767 0.592180
138.403351 0.579232
165.993027 0.566324
199.268158 0.553388
238.731201 0.540568
284.557343 0.528222
338.780365 0.516410
396.404144 0.506234
464.804932 0.497349
548.994080 0.489226
647.685974 0.481860
763.678101 0.475204
900.927185 0.469170
1068.572388 0.463523
1277.683105 0.457987
1533.456787 0.452446
1840.508301 0.446900
2200.278076 0.441468
2613.430420 0.436342
3089.291748 0.431638
3599.296143 0.427696
4245.639160 0.424129
5012.707520 0.420880
5893.125000 0.417996
6975.478516 0.415329
8277.072266 0.412826
9923.097656 0.410336
11911.994141 0.407842
14253.217773 0.405386
17007.347656 0.403007
20277.154297 0.400713
24386.392578 0.398391
28784.943359 0.396915
34081.382813 0.395547
40798.234375 0.394198
48830.593750 0.392869
58515.992188 0.391549
69234.085938 0.390327
81677.609375 0.389219
96570.492188 0.388201
113623.007813 0.387293
134063.234375 0.386466
158520.562500 0.385707
187450.109375 0.385008
224277.406250 0.384321
267638.281250 0.383655
BeamIntensityTable 56 36 3 2 0.000000 0 0   280000
16.437555 0.780417
19.559282 0.752690
23.337730 0.725831
27.826544 0.699916
33.095161 0.675270
39.172184 0.652483
45.970383 0.632482
53.907673 0.615010
63.548828 0.599244
74.966003 0.584956
88.460869 0.571984
104.222847 0.560318
123.563133 0.549427
147.310944 0.538926
176.936188 0.528371
213.446152 0.517511
254.421875 0.507052
302.619873 0.497099
358.714630 0.487816
420.419067 0.479735
493.551025 0.472626
582.587952 0.466152
688.589905 0.460215
810.322876 0.454915
958.142578 0.450044
1137.657227 0.445456
1364.967896 0.440871
1636.400269 0.436311
1963.627319 0.431752
2345.962402 0.427303
2782.875488 0.423135
3277.724609 0.419394
3816.197754 0.416273
4507.787598 0.413418
5319.446289 0.410826
6264.894043 0.408500
7413.602051 0.406352
8817.884766 0.404308
10586.302734 0.402260
12800.792969 0.400125
15149.536133 0.398153
18099.917969 0.396229
21487.921875 0.394417
24549.941406 0.393094
28971.990234 0.391889
34347.601563 0.390764
41069.210938 0.389661
49243.792969 0.388564
59064.949219 0.387469
69694.164063 0.386471
82286.242188 0.385563
97138.515625 0.384736
114538.187500 0.383989
135464.765625 0.383303
159953.281250 0.382677
191717.890625 0.382056
BeamIntensityTable 57 36 4 0 0.000000 0 0   280000
2.209045 0.789480
2.580468 0.762361
3.035473 0.738214
3.589517 0.716018
4.293569 0.694218
5.142506 0.672651
6.147890 0.651531
7.332565 0.631122
8.706794 0.611895
10.234691 0.594847
11.990623 0.580042
14.153848 0.566565
16.710897 0.554289
19.740477 0.543072
23.239828 0.533032
27.588459 0.523587
32.844299 0.514553
39.321571 0.505635
47.284599 0.496615
56.565372 0.487749
67.505600 0.479151
79.917664 0.471191
93.318283 0.464423
110.205856 0.458244
130.063034 0.452629
153.698105 0.447488
181.109924 0.442859
213.888687 0.438636
253.364655 0.434713
303.891724 0.430801
364.642426 0.426890
436.933228 0.423010
522.563049 0.419201
611.104980 0.415932
723.672668 0.412897
854.851501 0.410123
1007.753296 0.407620
1190.855103 0.405328
1401.627197 0.403279
1670.677734 0.401306
1964.702271 0.399552
2346.553223 0.397843
2823.233398 0.396109
3385.643799 0.394382
3958.096191 0.392902
4666.271484 0.391563
5514.373047 0.390336
6481.050293 0.389250
7679.025391 0.388239
9101.737305 0.387297
10900.685547 0.386364
13225.022461 0.385376
15619.576172 0.384474
18424.123047 0.383657
21835.740234 0.382896
25683.550781 0.382218
30524.890625 0.381576
BeamIntensityTable 62 36 5 0 0.000000 0 0   280000
5.559700 0.794456
6.516258 0.764554
7.650167 0.738247
9.012636 0.714601
10.599201 0.693573
12.477526 0.674757
14.780108 0.657282
17.617445 0.640450
21.136974 0.623637
25.351822 0.606871
30.329006 0.590387
36.071384 0.574711
42.725975 0.560154
49.859028 0.547827
58.931011 0.536507
69.817314 0.525982
82.150635 0.516591
96.826309 0.508126
114.491150 0.500345
135.731110 0.493082
162.824036 0.485833
195.650955 0.478530
234.363495 0.471299
280.307343 0.464198
333.134125 0.457475
392.171631 0.451458
458.886383 0.446273
541.523865 0.441557
639.757568 0.437245
754.353760 0.433348
889.689453 0.429821
1052.987793 0.426561
1255.619507 0.423414
1507.257446 0.420262
1806.550415 0.417130
2163.957764 0.414029
2577.044189 0.411057
3055.073486 0.408284
3555.101563 0.405978
4209.982910 0.403839
4941.232910 0.401960
5820.245117 0.400273
6845.995117 0.398771
8131.998047 0.397353
9737.662109 0.395951
11681.456055 0.394552
13995.784180 0.393165
16728.451172 0.391808
19939.574219 0.390501
22813.990234 0.389535
26850.027344 0.388673
31808.140625 0.387872
37751.476563 0.387120
45344.488281 0.386363
54815.519531 0.385576
64766.304688 0.384856
76507.867188 0.384199
90444.093750 0.383595
106992.320313 0.383039
126055.070313 0.382540
150302.687500 0.382060
180637.453125 0.381576
BeamIntensityTable 60 36 6 0 0.000000 0 0   280000
0.669579 0.807285
0.785187 0.780096
0.936539 0.753841
1.119435 0.728177
1.336933 0.703205
1.593268 0.679196
1.889863 0.656728
2.221753 0.636799
2.602626 0.619512
3.070431 0.603824
3.625908 0.589520
4.281748 0.576480
5.044441 0.564758
5.970408 0.553925
7.111274 0.543536
8.560595 0.532969
10.285743 0.522328
12.285625 0.511961
14.670981 0.501871
17.381817 0.492489
20.436548 0.484158
23.949348 0.476911
28.280836 0.470295
33.417889 0.464240
39.389355 0.458779
46.469128 0.453829
55.192463 0.449158
66.168633 0.444511
79.412193 0.439861
95.175224 0.435243
113.863014 0.430702
135.256668 0.426414
159.637985 0.422516
185.955292 0.419253
219.241211 0.416308
259.127045 0.413608
304.957733 0.411197
361.269165 0.408955
429.310394 0.406834
518.718323 0.404633
618.072510 0.402517
739.367371 0.400438
878.955383 0.398465
1048.535156 0.396557
1197.407227 0.395167
1413.573608 0.393904
1674.087158 0.392732
2002.538818 0.391580
2441.385986 0.390328
2879.228271 0.389199
3406.194092 0.388157
4021.716309 0.387208
4743.332031 0.386349
5608.078125 0.385560
6616.483887 0.384844
7801.429688 0.384198
9313.541016 0.383570
11410.465820 0.382870
13539.341797 0.382212
16164.839844 0.381576
BeamIntensityTable 61 36 7 2 0.000000 0 0   280000
0.329376 0.810899
0.385595 0.780440
0.453259 0.753495
0.533542 0.729443
0.626812 0.708227
0.740975 0.688784
0.878886 0.670605
1.053610 0.652544
1.264930 0.634452
1.513897 0.616636
1.807443 0.599328
2.146906 0.582998
2.524389 0.568496
2.958831 0.555871
3.495665 0.544320
4.144218 0.533541
4.874537 0.523947
5.742195 0.515328
6.811943 0.507254
8.131157 0.499415
9.754838 0.491588
11.732931 0.483663
14.047693 0.475837
16.712986 0.468380
19.827751 0.461391
23.130030 0.455485
27.289747 0.450137
32.264046 0.445224
38.106571 0.440741
44.914349 0.436698
53.047478 0.433008
62.991558 0.429531
75.579178 0.426057
90.767372 0.422567
108.718712 0.419113
129.607651 0.415783
154.393265 0.412588
179.462296 0.409951
212.323593 0.407520
251.507904 0.405262
294.860657 0.403293
347.346649 0.401524
411.645203 0.399875
486.848175 0.398358
586.885681 0.396803
704.247864 0.395249
843.349487 0.393712
1008.329590 0.392206
1159.350952 0.391053
1363.154541 0.390030
1607.046875 0.389106
1904.989746 0.388244
2284.524658 0.387386
2771.232910 0.386476
3275.437012 0.385645
3876.148193 0.384876
4578.138672 0.384175
5401.758789 0.383538
6580.822754 0.382849
7796.113281 0.382210
9341.787109 0.381576
BeamIntensityTable 60 36 8 0 0.000000 0 0   280000
0.078442 0.720979
0.092653 0.697851
0.109296 0.677101
0.129179 0.658239
0.152333 0.641302
0.179672 0.626061
0.213215 0.611826
0.254494 0.598067
0.305559 0.584316
0.367385 0.570460
0.439622 0.556852
0.523982 0.543777
0.620686 0.531652
0.725114 0.521327
0.857095 0.511870
1.012571 0.503233
1.195660 0.495366
1.409675 0.488267
1.667782 0.481724
1.977359 0.475618
2.374394 0.469492
2.853559 0.463318
3.416040 0.457227
4.090425 0.451211
4.862002 0.445509
5.734038 0.440351
6.690572 0.435987
7.895363 0.432024
9.329930 0.428394
11.006131 0.425106
12.972181 0.422142
15.385128 0.419368
18.310757 0.416720
22.015200 0.414044
26.441345 0.411356
31.627432 0.408715
37.634064 0.406197
44.669178 0.403829
51.766739 0.401915
61.147831 0.400166
71.732185 0.398635
84.953667 0.397214
100.297821 0.395920
118.883713 0.394713
142.515503 0.393514
170.915421 0.392318
205.015625 0.391125
245.363464 0.389949
292.045227 0.388826
350.241638 0.387707
414.245941 0.387010
492.158661 0.386352
590.357971 0.385695
716.123047 0.384999
847.588867 0.384358
1003.829224 0.383762
1185.120239 0.383220
1404.960815 0.382714
1719.812866 0.382153
2074.955811 0.381576
BeamIntensityTable 56 36 9 0 0.000000 0 0   280000
0.090277 0.592151
0.106986 0.577883
0.126342 0.564979
0.149591 0.553112
0.176544 0.542394
0.208587 0.532641
0.247148 0.523606
0.295683 0.514754
0.355155 0.505883
0.426944 0.496949
0.511091 0.488153
0.609153 0.479699
0.721851 0.471841
0.841447 0.465242
0.994879 0.459174
1.175458 0.453628
1.387423 0.448589
1.637461 0.444013
1.935328 0.439820
2.299997 0.435852
2.752934 0.431941
3.312408 0.427974
3.971567 0.424026
4.748999 0.420156
5.649655 0.416470
6.536547 0.413523
7.739677 0.410793
9.132934 0.408315
10.787035 0.406052
12.720060 0.404006
15.012638 0.402147
17.834604 0.400391
21.282001 0.398689
25.589890 0.396968
30.615517 0.395276
36.892017 0.393545
42.756371 0.392144
50.562969 0.390857
59.752518 0.389678
70.465012 0.388612
83.355629 0.387630
98.279518 0.386743
116.115166 0.385931
138.476791 0.385147
166.506561 0.384354
200.384506 0.383549
241.794464 0.382719
275.514191 0.382125
324.835510 0.381589
384.835480 0.381091
455.107269 0.380633
545.638977 0.380177
657.797668 0.379710
796.332764 0.379220
961.658813 0.378713
1149.694946 0.378219
BeamIntensityTable 62 36 2 0 0.000000 0 1   280000
0.541338 0.712018
0.640083 0.697699
0.764050 0.683815
0.914597 0.670135
1.096658 0.656528
1.309538 0.643299
1.556054 0.630792
1.838715 0.619350
2.153745 0.609430
2.534571 0.600575
2.989309 0.592554
3.528797 0.585257
4.154333 0.578727
4.902742 0.572796
5.809588 0.567276
6.935923 0.561912
8.326350 0.556537
9.975730 0.551210
11.920573 0.546006
14.143094 0.541127
16.709322 0.536665
19.539572 0.532836
23.037273 0.529373
27.186300 0.526228
32.064659 0.523381
37.674019 0.520864
44.616589 0.518528
52.921722 0.516342
63.458599 0.514165
76.142136 0.511988
91.061714 0.509853
108.555130 0.507794
128.809570 0.505863
150.952789 0.504183
178.048111 0.502661
208.259796 0.501353
245.550919 0.500170
289.158752 0.499110
342.112244 0.498133
406.721771 0.497205
487.955109 0.496278
584.213135 0.495364
699.542358 0.494460
833.086853 0.493593
984.816833 0.492798
1159.639771 0.492086
1336.354492 0.491531
1580.957520 0.491019
1887.607178 0.490520
2259.547119 0.490029
2720.250488 0.489528
3206.842773 0.489074
3793.083496 0.488656
4479.030762 0.488275
5321.771973 0.487915
6247.689453 0.487598
7384.738281 0.487307
8751.891602 0.487036
10525.070313 0.486762
12769.568359 0.486471
15441.517578 0.486168
18601.271484 0.485858
BeamIntensityTable 63 36 3 0 0.000000 0 1   280000
0.995887 0.626935
1.166340 0.616629
1.379368 0.607154
1.625057 0.598642
1.918430 0.590897
2.263494 0.583875
2.660909 0.577647
3.157678 0.571802
3.819190 0.565706
4.544291 0.559895
5.426049 0.554245
6.449368 0.548891
7.681390 0.543758
9.078098 0.539056
10.668847 0.534891
12.511946 0.531252
14.749010 0.527967
17.419382 0.524969
20.501961 0.522290
24.249895 0.519823
28.647263 0.517568
34.285954 0.515346
41.104176 0.513136
49.160179 0.510966
58.756382 0.508844
69.756538 0.506847
82.407173 0.505021
96.113312 0.503480
113.203972 0.502095
133.895142 0.500821
157.856369 0.499669
185.819962 0.498640
219.246140 0.497705
260.470917 0.496822
312.217072 0.495945
374.245483 0.495073
447.701965 0.494215
534.169617 0.493385
633.959900 0.492605
736.991638 0.491961
869.538879 0.491375
1024.762451 0.490847
1208.507324 0.490370
1421.598022 0.489945
1682.545166 0.489551
2011.021484 0.489167
2401.488525 0.488793
2874.941895 0.488423
3432.657715 0.488064
4085.543457 0.487721
4746.103516 0.487439
5632.365723 0.487174
6552.561523 0.486954
7810.495605 0.486742
9306.965820 0.486538
11108.566406 0.486340
13418.588867 0.486135
15832.233398 0.485949
18702.968750 0.485779
22152.623047 0.485621
26268.808594 0.485473
30666.837891 0.485348
36984.726563 0.485219
BeamIntensityTable 63 36 4 0 0.000000 0 1   280000
0.772421 0.616767
0.914439 0.606463
1.068636 0.597665
1.263835 0.589581
1.491799 0.582233
1.757428 0.575633
2.111035 0.569001
2.466927 0.563335
2.921962 0.558077
3.420504 0.553535
4.105775 0.548987
4.928460 0.544433
5.891824 0.539973
7.045440 0.535601
8.349100 0.531529
9.815846 0.527916
11.493854 0.524788
13.551564 0.521962
15.962480 0.519424
18.891182 0.517079
22.240265 0.514980
26.269588 0.513063
31.262297 0.511234
37.489120 0.509411
44.932167 0.507601
53.765785 0.505819
63.925968 0.504127
75.594452 0.502572
88.389252 0.501237
104.195358 0.500035
122.904457 0.498945
145.073608 0.497954
170.723511 0.497069
201.453583 0.496266
238.530487 0.495521
285.440399 0.494788
341.939484 0.494062
409.554596 0.493344
489.149811 0.492644
573.351807 0.492034
677.353943 0.491476
798.617981 0.490972
943.058411 0.490512
1114.329956 0.490092
1314.695801 0.489710
1547.530029 0.489369
1824.942505 0.489060
2190.645264 0.488751
2625.566650 0.488444
3144.270996 0.488141
3690.037842 0.487874
4363.762695 0.487629
5135.211426 0.487410
6077.106934 0.487208
7139.799316 0.487029
8475.659180 0.486861
10094.393555 0.486699
12085.411133 0.486540
14624.397461 0.486374
17176.447266 0.486226
20287.455078 0.486091
23661.335938 0.485978
28643.962891 0.485858
BeamIntensityTable 62 36 5 0 0.000000 0 1   280000
0.449627 0.617586
0.529888 0.609075
0.624761 0.601399
0.741114 0.594220
0.887445 0.587133
1.063376 0.580111
1.294058 0.572555
1.537828 0.565407
1.825415 0.558691
2.133845 0.552942
2.494717 0.548018
2.942327 0.543562
3.467209 0.539552
4.096211 0.535886
4.821437 0.532609
5.702187 0.529594
6.769588 0.526757
8.113631 0.523939
9.721807 0.521145
11.664001 0.518354
13.916105 0.515651
16.475294 0.513149
19.368206 0.510929
22.665716 0.509015
26.716881 0.507289
31.538628 0.505718
37.173126 0.504302
43.580074 0.503067
51.837082 0.501891
61.850517 0.500753
74.117416 0.499623
88.846703 0.498500
106.203949 0.497400
126.237976 0.496359
149.381302 0.495397
173.663651 0.494602
204.829575 0.493883
241.524231 0.493234
284.344116 0.492652
335.511688 0.492124
397.583099 0.491633
475.332001 0.491152
570.038269 0.490672
685.247375 0.490188
816.362915 0.489723
968.491760 0.489287
1145.314819 0.488886
1307.979980 0.488594
1550.659668 0.488322
1839.532837 0.488067
2198.487793 0.487818
2658.020020 0.487558
3140.911133 0.487321
3727.925781 0.487097
4380.350586 0.486900
5151.348633 0.486725
6096.753906 0.486562
7153.297852 0.486420
8498.512695 0.486286
10425.923828 0.486135
12300.434570 0.485999
14847.098633 0.485858
BeamIntensityTable 63 36 6 0 0.000000 0 1   280000
0.050095 0.636397
0.059254 0.624613
0.069506 0.614459
0.082276 0.605187
0.097174 0.596818
0.114846 0.589220
0.135547 0.582369
0.161295 0.575877
0.191324 0.569833
0.226820 0.564218
0.271779 0.558670
0.323862 0.553354
0.387546 0.548134
0.461768 0.543129
0.546281 0.538525
0.642346 0.534441
0.753333 0.530875
0.888364 0.527655
1.048940 0.524722
1.235569 0.522091
1.454617 0.519737
1.729741 0.517502
2.063033 0.515344
2.471525 0.513206
2.963417 0.511078
3.540887 0.509001
4.204454 0.507044
4.970554 0.505248
5.804366 0.503721
6.808918 0.502383
8.069328 0.501136
9.515987 0.500008
11.196114 0.499003
13.242815 0.498077
15.696506 0.497214
18.830454 0.496353
22.575363 0.495495
27.014545 0.494651
32.251225 0.493831
38.190674 0.493071
44.907215 0.492395
52.384869 0.491825
61.699589 0.491314
72.776016 0.490851
85.669472 0.490438
102.314758 0.490035
120.766335 0.489668
144.623352 0.489306
173.301865 0.488946
207.451248 0.488592
246.560715 0.488256
293.278870 0.487936
335.434509 0.487701
394.403015 0.487492
469.823578 0.487292
559.923889 0.487099
672.859314 0.486905
801.145020 0.486720
950.512146 0.486546
1120.467285 0.486390
1325.820557 0.486245
1586.408813 0.486103
1913.155640 0.485956
BeamIntensityTable 62 36 7 0 0.000000 0 1   280000
0.036426 0.612550
0.043652 0.602613
0.051944 0.593330
0.061355 0.584999
0.072843 0.577273
0.086197 0.570229
0.101739 0.563892
0.119098 0.558465
0.140315 0.553623
0.165482 0.549271
0.196085 0.545242
0.233659 0.541387
0.280073 0.537570
0.336609 0.533733
0.402677 0.529972
0.479165 0.526393
0.567663 0.523072
0.661626 0.520287
0.783621 0.517708
0.922790 0.515399
1.088694 0.513307
1.282569 0.511429
1.512054 0.509733
1.793056 0.508150
2.143679 0.506599
2.570154 0.505057
3.081030 0.503523
3.660211 0.502075
4.364471 0.500678
5.153187 0.499405
6.014985 0.498325
7.098113 0.497346
8.365284 0.496464
9.872772 0.495662
11.614720 0.494948
13.752970 0.494286
16.305851 0.493667
19.567783 0.493049
23.450932 0.492435
28.055252 0.491831
33.455009 0.491249
39.620369 0.490708
46.475712 0.490235
54.318985 0.489832
64.095001 0.489466
75.525436 0.489136
88.885391 0.488842
105.246246 0.488569
125.101570 0.488310
150.193710 0.488051
180.099625 0.487793
215.392548 0.487540
256.473633 0.487297
295.826752 0.487107
348.421112 0.486938
411.504456 0.486783
486.719147 0.486640
579.812683 0.486504
697.671814 0.486365
839.428345 0.486224
994.868591 0.486093
1203.920532 0.485956
BeamIntensityTable 62 36 8 0 0.000000 0 1   280000
0.019857 0.605888
0.023831 0.598017
0.028755 0.590206
0.034674 0.582434
0.041627 0.574844
0.049586 0.567716
0.058780 0.561188
0.068898 0.555590
0.081664 0.550447
0.096534 0.545782
0.113946 0.541579
0.134496 0.537787
0.158560 0.534387
0.187629 0.531266
0.222660 0.528350
0.267105 0.525451
0.320639 0.522556
0.382996 0.519743
0.458510 0.516973
0.536748 0.514584
0.635367 0.512374
0.750386 0.510360
0.885449 0.508534
1.044419 0.506881
1.231794 0.505388
1.452679 0.504037
1.704795 0.502852
2.037041 0.501696
2.443501 0.500543
2.932317 0.499390
3.505961 0.498260
4.136940 0.497235
4.891693 0.496294
5.781645 0.495432
6.826304 0.494647
8.048347 0.493937
9.496678 0.493294
11.187702 0.492715
13.178614 0.492196
15.585689 0.491718
18.588381 0.491256
22.328312 0.490791
27.170712 0.490291
31.782167 0.489863
37.555271 0.489471
44.390953 0.489111
52.504444 0.488780
61.726387 0.488486
72.919876 0.488217
85.751190 0.487978
101.487831 0.487758
119.601349 0.487559
143.273422 0.487362
174.021896 0.487152
204.765991 0.486966
243.273254 0.486789
285.544037 0.486635
336.618622 0.486495
397.322418 0.486368
488.773438 0.486223
577.011230 0.486093
697.903931 0.485956
BeamIntensityTable 62 36 9 0 0.000000 0 1   280000
0.007278 0.608281
0.008905 0.598795
0.010821 0.589594
0.013021 0.580983
0.015544 0.573168
0.018502 0.566118
0.021832 0.560016
0.025858 0.554581
0.030653 0.549684
0.036335 0.545249
0.042880 0.541320
0.050754 0.537764
0.060443 0.534416
0.072625 0.531095
0.087299 0.527785
0.104638 0.524529
0.124727 0.521421
0.148388 0.518481
0.174629 0.515872
0.204688 0.513611
0.241565 0.511568
0.285247 0.509712
0.336130 0.508047
0.396147 0.506551
0.468925 0.505171
0.559202 0.503840
0.666103 0.502565
0.803563 0.501255
0.960589 0.499974
1.143123 0.498753
1.354125 0.497619
1.578405 0.496667
1.861615 0.495807
2.199182 0.495022
2.591137 0.494316
3.048982 0.493687
3.604045 0.493109
4.265854 0.492575
5.107286 0.492048
6.120657 0.491525
7.339538 0.491004
8.762577 0.490498
10.261465 0.490059
12.104522 0.489664
14.300572 0.489302
16.845913 0.488977
19.886055 0.488682
23.428005 0.488416
27.565104 0.488179
32.739185 0.487956
39.248566 0.487733
47.137798 0.487510
56.285023 0.487293
66.114685 0.487101
78.089363 0.486927
91.713402 0.486773
108.172379 0.486635
132.074768 0.486483
156.401886 0.486342
187.630707 0.486203
219.394257 0.486083
265.863953 0.485956
BeamShiftCalibration 27 0.944478 0.452911 -0.462866 0.960438 -999 1 0  25000
BeamShiftCalibration 27 0.996358 -0.175355 0.175316 0.990952 -999 0 0  25000
BeamShiftCalibration 16 -0.958120 0.315142 -0.336919 -0.979151 -999 1 0  2100
ImageShiftOffsets	18
2 0 12.974918 54.671211
3 0 7.887918 41.350967
4 0 4.380364 29.150272
5 0 -2.200225 22.664316
6 0 -10.158251 13.501047
7 0 -8.586377 10.932802
8 0 -6.134422 7.815344
9 0 -4.774970 5.928076
10 0 -3.193107 4.559547
11 0 -2.834956 2.856044
12 0 -2.348358 2.434270
13 0 -2.340258 1.173864
14 0 -1.858415 1.040022
15 0 -1.654071 0.758870
16 0 -1.458472 0.894789
17 0 0.294289 -0.424872
18 0 0.211431 0.137660
19 0 0.065131 -0.155640
IllumAreaLimits 11
0.000000 0.000000 0.000000 0.000000 0.000000 0.000000 0.000000 0.000000
0.000000 0.000000 0.000000 0.000000 0.000000 0.000000 0.000000 0.000000
0.000000 0.000000 0.000000 0.000000 0.000000 0.000000 0.000000 0.000000
0.000000 0.000000 0.000000 0.000000 0.000000 0.000000 0.000000 0.000000
0.000000 0.000000 0.000000 0.000000 0.000000 0.000000 0.000000 0.000000
0.000000 0.000000 0.000000 0.000000 0.000000 0.000000 0.000000 0.000000
0.000000 0.000000 0.000000 0.000000 0.000000 0.000000 0.000000 0.000000
0.000000 0.000000 0.000000 0.000000 0.000000 0.000000 0.000000 0.000000
0.000000 0.000000 0.000000 0.000000 0.000000 0.000000 0.000000 0.000000
0.000000 0.000000 0.000000 0.000000 0.000000 0.000000 0.000000 0.000000
0.000000 0.000000 0.000000 0.000000 0.000000 0.000000 0.000000 0.000000
